
[78.08528851010053984 30.36040167550616076], [ 78.08572156926160801 30.36031805028884989], [ 78.08567975665296501 30.36007912109653617], [ 78.08525267072170095 30.36018365261817564], [ 78.08528851010053984 30.36040167550616076]
[78.08570663618709773 30.36196666171584368], [ 78.08620838749095583 30.3619158892624732], [ 78.08620540087605377 30.36168293329996715], [ 78.08568572988276912 30.36174565221294941], [ 78.08570663618709773 30.36196666171584368]	
[78.08540200146688903 30.36217273814421347], [ 78.08589479292604096 30.36219663106344768], [ 78.08591271261546751 30.36200548770959529], [ 78.08540797469669315 30.36197860817545902], [ 78.08540200146688903 30.36217273814421347]
[78.08578727478949588 30.36479050610753205], [ 78.08597841814335538 30.36467104151137519], [ 78.0859067393856634 30.36457546983444544], [ 78.08571260941690184 30.36469493443060585], [ 78.08578727478949588 30.36479050610753205]	
[78.08579623463421626 30.36501450222532839], [ 78.08589927284839405 30.36494431677508743], [ 78.08579623463421626 30.36479050610753205], [ 78.08568871649767118 30.36484127856089899], [ 78.08579623463421626 30.36501450222532839]	
[78.08486291747672681 30.36532063025298811], [ 78.08495848915364945 30.3654341216193373], [ 78.08509736674668034 30.36533257671260344], [ 78.08501075491446386 30.36521460542389761], [ 78.08486291747672681 30.36532063025298811]	
[78.08484350447984923 30.36530271056356156], [ 78.08499283522505152 30.36521460542389761], [ 78.08494504938657599 30.36512500697677552], [ 78.08478377218176547 30.36521759203879967], [ 78.08484350447984923 30.36530271056356156]	
[78.08388853436430566 30.36437536663588688], [ 78.08394229343257109 30.36442389912807727], [ 78.08401173222908653 30.36435296702410724], [ 78.08395946646827213 30.36431264772290461], [ 78.08388853436430566 30.36437536663588688]	
[78.08387658790468322 30.36436043356136949], [ 78.08394975996984044 30.36431488768408116], [ 78.08394378674002212 30.36427232842170199], [ 78.08385717490781985 30.36429696799465816], [ 78.08387658790468322 30.36436043356136949]	
[78.08530642978990954 30.35619129514528325], [ 78.08543186761588117 30.3562510274433599], [ 78.08552893260025485 30.3560852703161892], [ 78.08536317547309125 30.35601956478830488], [ 78.08530642978990954 30.35619129514528325]	